{
 "cells": [
  {
   "cell_type": "code",
   "execution_count": 1,
   "metadata": {},
   "outputs": [],
   "source": [
    "import numpy as np"
   ]
  },
  {
   "cell_type": "code",
   "execution_count": 2,
   "metadata": {},
   "outputs": [],
   "source": [
    "n = 6\n",
    "d = np.square(np.random.normal(size=(n,n)))\n",
    "d = np.multiply(d,d.T)\n",
    "np.fill_diagonal(d,0)"
   ]
  },
  {
   "cell_type": "code",
   "execution_count": 3,
   "metadata": {},
   "outputs": [],
   "source": [
    "def NJ(d):\n",
    "    \n",
    "    edges = {}\n",
    "    v_to_join = list(range(len(d)))\n",
    "    n = len(v_to_join)\n",
    "    delta = np.zeros(((2*n)-2,(2*n)-2))\n",
    "    delta[:n,:n] = np.array(d)\n",
    "    \n",
    "    for _ in range(len(d)-2):\n",
    "        \n",
    "        # construct Q\n",
    "        n = len(v_to_join)\n",
    "        d0 = np.array(delta[v_to_join,:])\n",
    "        d0 = d0[:,v_to_join]\n",
    "        Q = ((n-2)*d0 - np.sum(d0,0)).T - np.sum(d0,1)\n",
    "        np.fill_diagonal(Q,0)\n",
    "        \n",
    "        # select vertices to join\n",
    "        vs0 = np.unravel_index(np.argmin(Q),Q.shape)\n",
    "        vs = tuple([v_to_join[v] for v in vs0])\n",
    "        print(Q)\n",
    "        \n",
    "        # add and remove vertices as needed \n",
    "        new_node = max(v_to_join)+1\n",
    "        v_to_join.append(new_node)\n",
    "        for v in vs:\n",
    "            v_to_join.remove(v)\n",
    "            \n",
    "        # recalculate distances\n",
    "        delta[vs[0],new_node] = 0.5*d0[vs0[0],vs0[1]] + (1.0/(2*(n-2)))*(sum(d0[vs0[0],:]) - sum(d0[vs0[1],:]))\n",
    "        delta[new_node,vs[0]] = delta[vs[0],new_node]\n",
    "        edges[(vs[0],new_node)] = delta[vs[0],new_node]\n",
    "        \n",
    "        delta[vs[1],new_node] = delta[vs[0],vs[1]] - delta[vs[0],new_node]\n",
    "        delta[new_node,vs[1]] = delta[vs[1],new_node]\n",
    "        edges[(vs[1],new_node)] = delta[vs[1],new_node]\n",
    "        \n",
    "        for node in v_to_join:\n",
    "            \n",
    "            if node != vs[0] and node != vs[1]:\n",
    "                \n",
    "                delta[node,new_node] = 0.5*(delta[vs[0],node] + delta[vs[1],node] - delta[vs[0],vs[1]])\n",
    "                delta[new_node,node] = delta[node,new_node]\n",
    "        \n",
    "        # if we are done, find the last edge length\n",
    "        if len(v_to_join) == 2:\n",
    "            leftover_node = 3 - vs0[0] - vs0[1] \n",
    "            edges[(tuple(v_to_join))] = d0[vs0[0],leftover_node] - delta[vs[0],new_node]\n",
    "    \n",
    "    return delta,edges"
   ]
  },
  {
   "cell_type": "code",
   "execution_count": 4,
   "metadata": {},
   "outputs": [
    {
     "name": "stdout",
     "output_type": "stream",
     "text": [
      "[[  0.          -0.76953611  -1.71065906 -12.79655713 -11.82741005\n",
      "   -2.08619161]\n",
      " [ -0.76953611   0.          -3.07774273  -9.24463962 -13.00896977\n",
      "   -3.08946574]\n",
      " [ -1.71065906  -3.07774273   0.         -14.04054713  -9.23893054\n",
      "   -1.1224745 ]\n",
      " [-12.79655713  -9.24463962 -14.04054713   0.          17.33428422\n",
      "  -10.4428943 ]\n",
      " [-11.82741005 -13.00896977  -9.23893054  17.33428422   0.\n",
      "  -12.44932781]\n",
      " [ -2.08619161  -3.08946574  -1.1224745  -10.4428943  -12.44932781\n",
      "    0.        ]]\n",
      "[[ 0.         -0.41643334 -6.1576218  -1.30929827 -7.24932632]\n",
      " [-0.41643334  0.         -6.77068735 -1.78864964 -6.15690939]\n",
      " [-6.1576218  -6.77068735  0.         -6.25632919  4.05195862]\n",
      " [-1.30929827 -1.78864964 -6.25632919  0.         -5.77840262]\n",
      " [-7.24932632 -6.15690939  4.05195862 -5.77840262  0.        ]]\n",
      "[[ 0.         -3.40409381 -0.91307496 -3.14691473]\n",
      " [-3.40409381  0.         -3.14691473 -0.91307496]\n",
      " [-0.91307496 -3.14691473  0.         -3.40409381]\n",
      " [-3.14691473 -0.91307496 -3.40409381  0.        ]]\n",
      "[[ 0.         -2.00948665 -2.00948665]\n",
      " [-2.00948665  0.         -2.00948665]\n",
      " [-2.00948665 -2.00948665  0.        ]]\n"
     ]
    },
    {
     "data": {
      "text/plain": [
       "(array([[ 0.00000000e+00,  3.68718993e-01,  3.72568100e-02,\n",
       "          1.04640714e-01,  9.64907137e-04,  1.26637619e-03,\n",
       "          6.98783173e-02, -1.06127819e+00,  0.00000000e+00,\n",
       "          0.00000000e+00],\n",
       "        [ 3.68718993e-01,  0.00000000e+00,  1.65013631e-04,\n",
       "          1.29729921e+00,  1.02540982e-02,  5.51269624e-02,\n",
       "          6.47661668e-01,  4.73251172e-01, -5.81707337e-01,\n",
       "          0.00000000e+00],\n",
       "        [ 3.72568100e-02,  1.65013631e-04,  0.00000000e+00,\n",
       "          2.14088906e-03,  8.56582461e-01,  4.50693330e-01,\n",
       "         -1.41835877e+00,  0.00000000e+00,  0.00000000e+00,\n",
       "          0.00000000e+00],\n",
       "        [ 1.04640714e-01,  1.29729921e+00,  2.14088906e-03,\n",
       "          0.00000000e+00,  1.03387446e+01,  9.59446797e-01,\n",
       "          1.42049965e+00,  0.00000000e+00,  0.00000000e+00,\n",
       "          0.00000000e+00],\n",
       "        [ 9.64907137e-04,  1.02540982e-02,  8.56582461e-01,\n",
       "          1.03387446e+01,  0.00000000e+00,  1.11875847e-01,\n",
       "          5.59659307e+00,  2.76383983e+00,  5.91961435e-01,\n",
       "          0.00000000e+00],\n",
       "        [ 1.26637619e-03,  5.51269624e-02,  4.50693330e-01,\n",
       "          9.59446797e-01,  1.11875847e-01,  0.00000000e+00,\n",
       "          7.03999619e-01,  3.17693839e-01,  7.83743554e-02,\n",
       "         -6.08675129e-01],\n",
       "        [ 6.98783173e-02,  6.47661668e-01, -1.41835877e+00,\n",
       "          1.42049965e+00,  5.59659307e+00,  7.03999619e-01,\n",
       "         -5.42101086e-17,  1.13115651e+00,  0.00000000e+00,\n",
       "          0.00000000e+00],\n",
       "        [-1.06127819e+00,  4.73251172e-01,  0.00000000e+00,\n",
       "          0.00000000e+00,  2.76383983e+00,  3.17693839e-01,\n",
       "          1.13115651e+00, -2.77555756e-17,  1.61341845e+00,\n",
       "          9.26368968e-01],\n",
       "        [ 0.00000000e+00, -5.81707337e-01,  0.00000000e+00,\n",
       "          0.00000000e+00,  5.91961435e-01,  7.83743554e-02,\n",
       "          0.00000000e+00,  1.61341845e+00, -1.82145965e-17,\n",
       "          6.87049484e-01],\n",
       "        [ 0.00000000e+00,  0.00000000e+00,  0.00000000e+00,\n",
       "          0.00000000e+00,  0.00000000e+00, -6.08675129e-01,\n",
       "          0.00000000e+00,  9.26368968e-01,  6.87049484e-01,\n",
       "          0.00000000e+00]]),\n",
       " {(2, 6): -1.4183587650440996,\n",
       "  (3, 6): 1.420499654107793,\n",
       "  (6, 7): 1.1311565055640669,\n",
       "  (0, 7): -1.0612781882762325,\n",
       "  (1, 8): -0.5817073367262274,\n",
       "  (4, 8): 0.5919614348833382,\n",
       "  (5, 9): -0.6086751288137127,\n",
       "  (7, 9): 0.9263689677190267,\n",
       "  (8, 9): 0.6870494842188154})"
      ]
     },
     "execution_count": 4,
     "metadata": {},
     "output_type": "execute_result"
    }
   ],
   "source": [
    "NJ(d)"
   ]
  },
  {
   "cell_type": "code",
   "execution_count": 5,
   "metadata": {},
   "outputs": [
    {
     "name": "stdout",
     "output_type": "stream",
     "text": [
      "[[0.00000000e+00 3.68718993e-01 3.72568100e-02 1.04640714e-01\n",
      "  9.64907137e-04 1.26637619e-03]\n",
      " [3.68718993e-01 0.00000000e+00 1.65013631e-04 1.29729921e+00\n",
      "  1.02540982e-02 5.51269624e-02]\n",
      " [3.72568100e-02 1.65013631e-04 0.00000000e+00 2.14088906e-03\n",
      "  8.56582461e-01 4.50693330e-01]\n",
      " [1.04640714e-01 1.29729921e+00 2.14088906e-03 0.00000000e+00\n",
      "  1.03387446e+01 9.59446797e-01]\n",
      " [9.64907137e-04 1.02540982e-02 8.56582461e-01 1.03387446e+01\n",
      "  0.00000000e+00 1.11875847e-01]\n",
      " [1.26637619e-03 5.51269624e-02 4.50693330e-01 9.59446797e-01\n",
      "  1.11875847e-01 0.00000000e+00]]\n"
     ]
    }
   ],
   "source": [
    "print(d)"
   ]
  },
  {
   "cell_type": "code",
   "execution_count": null,
   "metadata": {},
   "outputs": [],
   "source": []
  }
 ],
 "metadata": {
  "kernelspec": {
   "display_name": "Python 3 (ipykernel)",
   "language": "python",
   "name": "python3"
  },
  "language_info": {
   "codemirror_mode": {
    "name": "ipython",
    "version": 3
   },
   "file_extension": ".py",
   "mimetype": "text/x-python",
   "name": "python",
   "nbconvert_exporter": "python",
   "pygments_lexer": "ipython3",
   "version": "3.9.12"
  }
 },
 "nbformat": 4,
 "nbformat_minor": 2
}
